9.699477
7.159807
11.757537
7.316028
17.611289
6.242706
7.647304
8.114473
8.752355
6.352158
5.438687
6.745701
8.243251
9.515193
9.069429
9.596753
8.699600
12.468540
9.110642
9.516406
7.470025
11.128100
8.382741
6.988566
6.066682
5.828890
14.794654
6.121791
14.111940
5.407496
9.768354
7.961414
7.637660
11.160289
10.406723
12.577204
8.412718
6.820631
10.240517
5.734486
4.688517
12.542645
6.621938
8.745208
15.090632
10.306878
10.075994
7.438524
8.165592
11.913899
7.634487
9.093541
9.998061
6.385331
13.521986
7.665679
6.856935
10.220932
9.576221
9.911897
7.277029
7.945325
13.958533
6.580713
16.238337
6.478408
8.434915
5.679978
13.086586
8.394027
5.728673
14.174448
7.921371
10.427980
13.090566
13.712716
5.910273
12.203121
7.027851
7.016614
10.893274
11.058732
14.931406
4.909789
4.902712
7.908983
19.865374
4.036155
15.745685
9.183575
6.069710
7.016084
7.701478
5.918565
15.002462
7.356726
9.161118
9.062999
8.827530
15.395494
9.939254
17.715167
11.055328
12.154163
9.245376
4.308004
8.839670
6.845267
8.594206
10.270694
7.998375
10.076596
6.302184
9.912130
13.301406
17.608999
13.724866
12.048258
7.760506
9.857712
9.152699
11.060893
6.017623
8.904207
6.142779
12.904574
12.399580
13.660050
9.134069
7.484255
5.133459
6.232974
6.011155
14.835199
9.505772
12.755297
16.804475
7.101457
10.256377
12.133805
13.481154
10.394764
14.531218
10.525379
17.696799
9.420611
15.311048
12.133122
5.415467
8.871728
8.415915
9.025233
15.070345
12.497262
12.013407
6.843075
7.605381
7.979110
4.941516
5.306946
4.711299
9.163351
9.051294
8.140966
7.420450
11.479501
14.754805
7.801903
11.183296
10.787925
15.375024
10.016920
5.330381
11.498286
15.855014
5.947616
16.599159
12.836291
6.145498
9.223089
14.919285
13.981115
10.265783
6.654362
9.984097
8.797789
9.074129
8.456831
7.898401
5.373734
10.300147
13.675786
6.884607
5.890563
6.601502
6.955720
12.344191
11.434275
11.374942
12.836304
5.646646
4.333872
5.716941
8.873850
9.027682
6.828779
9.974281
7.051211
7.624948
6.807153
10.347269
5.828208
6.849662
7.775782
4.990254
8.994834
4.973689
8.448481
5.231095
6.649083
9.243898
14.182384
12.250660
8.443557
7.541586
11.091013
11.490481
8.286932
6.308293
10.958794
8.714456
6.479868
11.213428
11.882610
5.689202
8.548397
6.027159
11.015022
10.094792
18.906939
9.386964
6.424387
9.817581
8.854509
10.874798
11.110152
9.036976
6.753395
11.914558
9.627267
