1.848306893780241877e-01
1.192450720634081890e-01
1.189712929491869436e-01
1.211500653827105867e-01
9.467679615567088369e-01
9.174531328984787404e-01
3.078596142630971588e-01
9.128486165392963106e-03
2.257177104594696726e-01
1.869369193967629905e-01
1.696035565707870452e-01
1.180880901474081618e-01
8.282027591121146060e-01
9.060882433036178407e-02
8.550646715511770468e-01
3.836658433300590976e-02
2.879826077937054918e-01
1.517927009833681951e-01
2.689205888778689602e-01
6.145884920302769477e-02
1.429994316902479801e-01
2.214818521096807713e-01
1.207313504432913909e-01
4.368658930077156527e-02
2.179432525311121305e-01
2.188780971228498906e-01
3.747429602706341956e-01
9.524493890575798372e-02
9.641411146109173103e-02
1.135007819455975259e-01
4.103868992253473791e-01
5.778125545351329162e-01
6.733223636827460890e-02
1.820762115212609389e-01
7.256597699452753403e-02
2.904645814219325439e-01
3.636137762747835844e-01
2.802502511413159647e-01
1.026729874708121604e-01
1.749777607179148209e-02
2.265624627102295618e-01
6.747018088376012523e-02
2.002202322923617717e-01
3.132809662606836354e-01
8.817433075682969135e-02
2.200508297993059026e-01
2.528357819551937391e-01
3.614023538979871386e-02
1.414444893343290988e-01
1.551589317912079602e-01
9.328551289882011099e-01
7.366555390631306377e-01
7.835301566609523816e-01
8.623647513262207021e-01
5.896458689607454451e-01
8.485572502130921402e-01
9.129889411090916784e-01
6.715611693869895094e-01
6.505000945937837731e-01
9.569874909625067927e-01
8.985210274633921301e-01
4.193474059242899288e-01
9.779993334920199510e-01
6.778968996109349110e-01
5.147011927578281076e-01
9.799013148168054244e-01
9.536337851019004441e-01
8.127704321897630813e-01
9.030667569405496087e-01
4.248884043880195582e-01
6.252247593330088060e-01
4.761907478278692984e-01
3.454961967297794923e-01
9.851965884042056532e-01
2.578541695526706534e-01
8.494738723163919314e-01
8.250470913467063960e-01
7.255325389972321348e-01
8.268815094811060584e-02
7.655216678135738917e-01
7.584590954516280403e-01
8.919152259858220688e-01
8.956204013609360137e-01
9.635357530538806170e-01
7.657068368156245697e-01
9.554915251733808734e-01
9.957761445775151765e-01
4.074284287812937055e-01
9.813931154087276454e-01
8.999501103416948089e-01
7.374370200581816803e-01
4.914270057263271929e-01
5.685515870484443290e-01
8.607610299618264627e-01
2.179965721502825915e-01
9.490646173230831151e-01
8.922801692024200371e-01
6.728473112913672116e-01
8.266722101639311093e-01
9.794470916086714940e-01
