3.774746708228165493e-01
9.126570469942243413e-01
7.974674114494902932e-01
3.375225143886915191e-01
8.546494892646554487e-01
5.370299669821347877e-01
9.984332959482181691e-01
7.342308895929942070e-01
2.641596744678373354e-01
7.106191225247479037e-01
9.727015247858838976e-01
3.519431585720305677e-01
5.989178952355199703e-01
6.877811512455194176e-01
9.810923581639120483e-01
3.080446691876512211e-01
7.312075188289020033e-01
8.741259074312733857e-01
9.824481625586088951e-01
6.134227744621572054e-01
6.864027125819750497e-01
2.268628421042621635e-01
7.686273336769655629e-01
8.977155022788456673e-01
5.190083761280629426e-01
8.290136567282919700e-01
7.746182771648185694e-01
1.728982385212960438e-01
1.542869341098085656e-01
5.685311057861642814e-01
2.223904350883373904e-01
4.444784573603347000e-01
2.131209098843389327e-01
7.488111110526672887e-01
9.719987068395166130e-01
8.823927366490196267e-01
3.532703345809151685e-01
9.594825840933611794e-01
5.471141233469879461e-01
2.698604365186568210e-01
7.681723413763730246e-01
9.472039710392859968e-01
4.422263374291356408e-01
4.653698870936065490e-01
9.623886534746716181e-01
2.278153555697560728e-01
7.052485440639261194e-01
4.133506925365667550e-01
3.512948105439486213e-01
8.249706039787153555e-01
9.929909708256972056e-01
7.369510504401088902e-01
9.861497813950793612e-01
9.246097079559536525e-01
9.339461500040486808e-01
9.913581985298279831e-01
8.757630966689203822e-01
8.466579376049766514e-01
9.358993733194251874e-01
9.732873329462071732e-01
9.733677393131910938e-01
9.517149885519754493e-01
6.532116925114703765e-01
9.884492669027271639e-01
9.796712671398203343e-01
9.700031909316567669e-01
9.682892622937084859e-01
9.846993321558130674e-01
8.802244834799801687e-01
9.781553923999105615e-01
9.955037476370256488e-01
8.324598336778780139e-01
9.420199833687681323e-01
9.110785066139571731e-01
9.669670137149307676e-01
9.873946321412023774e-01
9.841032682980350721e-01
9.370271250623424253e-01
9.937181712463507566e-01
7.868217906313469401e-01
6.201237337171141561e-01
9.990776229378159901e-01
9.753604273448617246e-01
9.890716712039333558e-01
9.299340768990853601e-01
9.778492221753786184e-01
9.750829279172708031e-01
9.453064469499493638e-01
9.597689338349594257e-01
9.962139595200888431e-01
7.790853107931402510e-01
9.261444541780806672e-01
9.164057183733113066e-01
9.365942078952324001e-01
9.618919634876258451e-01
9.478245072940956195e-01
9.585682534943983368e-01
9.545054347987370624e-01
9.926911832808784641e-01
8.948365716563424499e-01
