5.086070884156315003e-02
1.994223001149088292e-01
3.897097795904067713e-02
1.110477134348029915e-02
1.283651159420996432e-02
4.266440169536278061e-03
1.235455159114283918e-03
5.410381186307683388e-03
3.156948414951033736e-03
5.463660806293221817e-02
1.739894843100967328e-02
3.156523244101510327e-03
4.689518451849310904e-02
4.159382805412664696e-01
8.393195127475895287e-03
1.560830905720163829e-03
4.152483109377244630e-02
1.028937303347063321e-04
1.088977028511925113e-03
5.723037614819528884e-02
6.889669316550430330e-06
2.588124655482344771e-02
3.684838128231977079e-04
2.611943024407502312e-03
1.772460889672790633e-04
3.146801736158707369e-02
4.993068589686072136e-04
7.834249278125775609e-03
6.786833647088584033e-03
4.543266035878031073e-02
8.892589605998599397e-04
1.884706430783442219e-03
4.881345246686458889e-02
5.405829013043074422e-05
7.004544495905864251e-04
9.946124719992654615e-05
6.498034921060710963e-03
1.343719656985388200e-01
3.800179946488060120e-03
1.736768227123411390e-02
7.906374851887965419e-03
1.864901285814687265e-04
8.190192627532476939e-04
1.642033978114448498e-02
7.809697944696757663e-04
7.552086686441067138e-04
6.893436252769441497e-02
1.373840673760243214e-03
3.047116122186380258e-04
2.734549801708094710e-02
4.444530866110231737e-01
7.350406090701468338e-03
7.886206840350641276e-04
2.046255121216444817e-01
7.996457678135961145e-02
9.429485639209962558e-04
6.103522588719441366e-03
5.692257447246786527e-03
1.278229222824778840e-04
3.106721400575141855e-03
5.231615247651733871e-05
8.518982944287541853e-04
1.412790798014533283e-03
1.773157746357000367e-02
1.490963844318659356e-04
1.544131743315845240e-01
2.553907212773729851e-04
9.046240939103756011e-04
3.961914201191477948e-03
3.233546040445387827e-03
2.420662637226932753e-03
1.259089176563189805e-02
5.396851829321616407e-04
2.993473907082870936e-02
8.990955018046119240e-02
2.128598856844798339e-04
2.524657008417630988e-04
1.841601738805634023e-04
2.253261097991407849e-03
4.471192370431916613e-02
4.705803838756976720e-01
2.169734667596206340e-02
8.343494600374837375e-05
6.371764752081166038e-04
5.098536356029881685e-05
1.182386364638032339e-03
2.674965142896414128e-02
1.839706586787640810e-04
1.533904885301936574e-03
6.353026272521101938e-04
5.126167088681957834e-02
8.809747046005403370e-02
1.877052625871291301e-04
8.040574809858966766e-04
6.805290409049478129e-01
1.262754546822850987e-01
2.614149117065720147e-04
4.468411952065765025e-03
4.100064085397410224e-04
3.299388319727379615e-02
1.332199328118978225e-03
2.235138760956636994e-02
5.306573100394193498e-02
2.193537472952491584e-03
5.698021054586994809e-03
8.896707281447986454e-04
1.385274204017029973e-03
1.444770946688101777e-04
1.148422638303431102e-02
6.816259377128194418e-04
9.528432023657589650e-03
6.645113951378697520e-05
6.417847408042338811e-04
2.925723294229342145e-03
1.819165532734674234e-05
1.615660824280446516e-03
3.615487447814998145e-02
6.712387993345452495e-06
3.055626231634513308e-03
1.164453292445735005e-01
9.077621506952809069e-05
5.542723478710670981e-04
1.061605979116260479e-03
2.534130222489307943e-02
1.823506454123940621e-02
1.495704015847262001e-02
8.654970850578138850e-03
9.587977274561779173e-02
4.626240595135937815e-04
5.713784582970314781e-03
1.605089906192142457e-03
1.770536981306054932e-03
2.071125120046098944e-01
4.723004181295719153e-03
8.225421549868883403e-04
1.443928445900971060e-02
2.561150901925145999e-04
5.202524085841169280e-03
3.268945389105227790e-05
3.884178667864425396e-04
3.263809318909383062e-04
1.347694783132931395e-02
5.153030198256879080e-03
2.619468312166319934e-03
2.471721676811166430e-04
1.494086844748074706e-04
1.521963477831043271e-03
3.779281065086394827e-03
4.139926234301479629e-04
8.020189275677850824e-03
8.331739110350382810e-03
2.062704342472435463e-05
5.229326871314472682e-04
4.411110819068057452e-05
2.491591614532885079e-01
2.049904820783595219e-02
1.988681211316618239e-03
6.432730910181630912e-06
1.478322390756842478e-03
1.256168815367756601e-03
1.258366414356607010e-01
3.728992120849914911e-04
7.230848243849217680e-05
6.605272809763907543e-03
1.139458461689803019e-03
3.830319939344741242e-01
7.439045920065756904e-04
1.110771816309991805e-03
1.248396785059626152e-05
3.493259261654634018e-03
3.570819182769029761e-03
3.348964306780141068e-03
1.712103761497812127e-01
1.960841705840836793e-03
1.296428914161433521e-01
8.698607168025442038e-02
1.038520917177611497e-01
2.449654731501514290e-02
3.048689647039651632e-02
4.273630717666031253e-03
4.900064820875734556e-03
1.922071926982710233e-02
1.379846109925361199e-02
1.963241238336110948e-03
1.689076778800249756e-01
6.639386908124815306e-04
1.128602407698242306e-04
1.432044259692474841e-02
8.456458490867745353e-04
1.610412952484477226e-03
4.994528408500540826e-05
1.995474890791431623e-03
6.793729945494819678e-04
2.307637426752213018e-04
6.753714564662278985e-02
8.580035369232778429e-05
4.757938351602186136e-04
7.034425980325535732e-02
1.250545172756035717e-01
2.227515343199943168e-02
1.253838152286934453e-02
6.242815149240924823e-03
2.740026709829561456e-03
1.515478927329756524e-02
7.715757850965910755e-03
5.644590791312753542e-02
7.829079150247744701e-02
3.171245207965094071e-02
7.215391649825595929e-03
4.907742144439048056e-03
6.559085081969536716e-04
5.086405162752509663e-05
5.319983116553384482e-03
2.985917726705025754e-02
1.958101647776011589e-02
9.022974948316076285e-03
8.701562456410398549e-03
1.188683478361220267e-03
1.296612272459934543e-03
1.127055032774544191e-01
4.640546365046593381e-03
1.987825121841608773e-03
5.009493840773951608e-03
3.467887112985010571e-04
6.062849846450037855e-02
5.122754482912598301e-02
4.616816614178328310e-02
2.783389300657441914e-03
2.158588933171026909e-03
1.892796656031631988e-03
3.156445691313476687e-02
1.503117523653503020e-02
4.140163262039585866e-03
5.694389864615325737e-03
3.411150457691584231e-02
2.671288923050663643e-03
7.388770992310174368e-03
4.006718251315687790e-02
1.112330486634582200e-02
5.390373488793907185e-05
1.454707320299507625e-02
8.041818460460360002e-03
1.804702286090710409e-03
5.548615965549289625e-03
1.398138809198933886e-02
8.392882687760678806e-01
1.881825805296133414e-02
5.372552353396639613e-02
2.850992814081845447e-02
1.452258635068367706e-02
8.081315156131686078e-03
1.434574068328970387e-01
2.210006955667654586e-04
2.634182254182761856e-04
1.774896296750008663e-03
1.019876449513119551e-02
1.873269541046403142e-02
4.732112362932714388e-03
2.710494841357450973e-04
1.574098786683050433e-05
4.275868076029123478e-03
1.195137414153143139e-02
8.707176885855214931e-05
5.074819610704918438e-02
1.871539191742732297e-02
2.077776953198393409e-03
3.891071468213412447e-04
9.041103493069654884e-02
2.176470480868276935e-02
1.782319694536572225e-03
9.850060284105666836e-03
1.565464356949767405e-03
9.306448428255430835e-04
4.125759118790841423e-03
9.418738194927408916e-04
7.042042073256290884e-03
1.078411990347782207e-02
9.620967503409336152e-02
1.311344676224088145e-05
1.503848604123057646e-02
1.189636473037787995e-01
1.685298374471948246e-02
9.175940072652873786e-03
8.813107901963075988e-03
1.359482132874634784e-02
6.456750105280513723e-04
2.013759558495985258e-01
1.944395254847507137e-02
2.599053797555218870e-02
2.367511337171364708e-03
2.187864697952351055e-04
3.621142616218119112e-04
2.008179322915440781e-02
3.631171636883037072e-03
3.373919754308125907e-02
7.121312041668896012e-05
5.334316903574577023e-02
1.199174832616803718e-04
1.975091625945887136e-03
1.813038985581922388e-03
1.979395601116839404e-02
9.472428508335195563e-02
1.013946960490768896e-03
4.412821775190107348e-03
9.665582599984882993e-04
7.142184267184502864e-05
1.293153061920636338e-02
3.327559861674922719e-03
2.216713918202085909e-03
6.919730544849666924e-04
3.716636060343121023e-02
1.663194192109756706e-04
1.841156637064593135e-02
1.992265584285680957e-02
3.339198372120640110e-05
3.050529941347484945e-03
4.014869608474502805e-02
1.388827156601787124e-03
1.431015347555654693e-05
5.123783068244690091e-04
7.918878157129669373e-03
5.874811538051002155e-04
1.414704697251429888e-01
8.131592497823387318e-04
5.441972312329067772e-03
5.147732216243205983e-03
3.483653623369769615e-03
9.555001704222748399e-05
2.502450160579804475e-03
3.363850682335294690e-02
2.745583627860678170e-03
2.729328366067343913e-04
1.437360064135532328e-02
1.627978894616854098e-04
2.192897089045315814e-02
9.308711609702643996e-02
1.545613645061128471e-04
4.246955730178541123e-05
1.695711923979006941e-01
1.139825583472360016e-01
2.396810041349762744e-05
3.309982210311138671e-04
3.305672994629201694e-02
1.574385964935213090e-03
7.043047904144718319e-02
4.548099558133046616e-02
8.778122626433267073e-02
1.098768502178781720e-01
8.491100793154832127e-02
1.520248992449329227e-02
1.221060176601234716e-04
2.877060563547028868e-02
6.359768020988381516e-05
5.129512745412161817e-03
6.454496113547109060e-01
1.238791132185356782e-02
3.943873224623787865e-01
5.851200384203198747e-03
1.548702719578253298e-02
5.018014325935083125e-06
2.415777099543340315e-05
5.169801465745053198e-02
8.551117026762297124e-01
1.770422775563657014e-01
6.034502218445901740e-04
2.106146939781106543e-04
3.288615072787400180e-04
4.722182652488300658e-02
7.288668822432387007e-02
3.897004776513905396e-04
4.261156068281405501e-02
4.166042704951571952e-03
2.726392997171936949e-01
1.461316432751608108e-05
8.979195182621034325e-04
1.058619944010222947e-04
3.017374779457030962e-02
8.806034358866652451e-03
1.734991659752461177e-03
9.612989515994251055e-02
3.038341812360765073e-02
3.318015912042714143e-04
4.250571621746863232e-02
2.384993559838502995e-03
5.285486136042528288e-02
9.588678431507323685e-01
1.749630507685875393e-03
3.176444910157227202e-04
2.190707443118472819e-01
6.079113367118288425e-01
1.366524857079493569e-03
3.460795170641288226e-04
1.486960551559173525e-02
2.445480737315146313e-03
6.890229230953507722e-04
5.926521720527634651e-02
4.069445217737615791e-03
7.831528680955128149e-03
7.270887353307685375e-03
9.850359586340987419e-03
6.557397658830015075e-02
5.179266896766219347e-02
8.585632600699844138e-05
4.454771328134783724e-04
1.385010665116626267e-04
1.842994563320109191e-02
1.628835906657385285e-02
3.466215951744218079e-03
5.094875010864029913e-02
3.474664276028297666e-02
1.778869457741546036e-03
9.298444451462061638e-03
9.524814043244023143e-02
9.818508972577453565e-04
1.078440759429154282e-03
1.495936547349761142e-02
5.129828224889115135e-02
1.125466968556869786e-03
5.142939374342036553e-03
8.873799980166012080e-04
1.002645437936057482e-02
5.133987204595705624e-04
2.696577621232773472e-03
1.237195776541427802e-04
5.100012818910562313e-04
5.697571235539881668e-04
9.918164949714914497e-03
2.141370367665854871e-03
1.800664880105972039e-03
3.000661678915287900e-01
5.640856248804436701e-01
7.753304374520443229e-03
1.132747323573533976e-05
4.775736669573295290e-03
6.037017891228420481e-03
4.323607433379938743e-04
4.606741171241338952e-03
1.174494644678749089e-01
6.279879745891923243e-04
1.675298758057894646e-02
4.287041879314380105e-03
3.333106570153719639e-02
1.046215416724739512e-04
7.734273149946087507e-03
7.711713787048749338e-04
3.406756133650074014e-03
5.128033604802137565e-04
6.317231846813514250e-04
2.831841879574340318e-04
1.851992796565183827e-02
1.972286432469099252e-02
6.796206996866953343e-02
1.284625146932641404e-02
3.095684842833734685e-03
1.392627089416590032e-03
2.517210465536824301e-02
6.386886134399780701e-01
3.250500749677291690e-02
9.649127598164075961e-03
8.439722945257991651e-04
1.484695699321375399e-03
6.098125339059240133e-03
2.869113206579791860e-03
7.213749145404777397e-04
5.288172444322199097e-04
5.402913811748673127e-03
1.431189538957502517e-04
8.720124408916169259e-03
1.489828785721027983e-02
3.743222768846133936e-04
2.420283519842814091e-02
2.188413621583010574e-02
2.445849035674888981e-04
1.280764773572668316e-04
2.225378974090177521e-03
3.206896676663008316e-02
5.256504036215970711e-03
1.536238733541244600e-02
1.119795063801802635e-03
2.569492185414108481e-04
7.544692341384676365e-04
3.296770387208667447e-04
2.500128807936680673e-04
4.369359274027660549e-03
2.590457112117731109e-01
2.909030889698677527e-03
3.328614292084770571e-03
6.071673433844177598e-02
7.333816684699390881e-04
4.181200398366016839e-05
2.406205726788852028e-01
1.849985714700787959e-02
2.379838363050692726e-02
3.637844141004115822e-02
4.649745983627053420e-05
2.828155949975242733e-03
2.631586549869436437e-03
8.090382607201823673e-03
2.227533853457309143e-01
4.532097900271895322e-05
1.591890996639841937e-03
1.852477098878777678e-02
5.264332150603314581e-03
2.871897683333722917e-05
1.923155982809104025e-03
1.733113303528620579e-04
1.013639419594532243e-02
2.190008613504207304e-03
2.126499593859078330e-02
3.211105221430258366e-02
9.580316246624684395e-02
3.486922674846984482e-01
1.345518895688639117e-03
1.969156323389929519e-01
2.602524337813744582e-03
1.759423407492960141e-03
4.663818882236237537e-04
1.031464081322632062e-04
8.619141391987000800e-02
9.575908123907218036e-05
1.302058128202505417e-02
1.840777730132187040e-02
6.071300779105613318e-03
7.906818426191886129e-02
6.005984653895283382e-02
2.463185711270467334e-04
2.264326598546909791e-02
9.509163124974420950e-05
1.115973346150210610e-05
6.147508400350888604e-04
1.527501017860085275e-03
1.055240001495281153e-03
3.860990440212426966e-04
6.004749805678491481e-02
6.068244864997595885e-04
6.594883455048259346e-01
5.369220722799219634e-04
2.960295059892100334e-03
4.141590925684110426e-04
8.048136575166537883e-04
3.811582116387994611e-04
9.143271343947667606e-02
5.046045768396991305e-04
2.649962889861929433e-03
3.168942997827704500e-01
9.005272187626594963e-04
7.242777599245604032e-04
1.637338590699860194e-02
1.598470153671777139e-02
1.527682503157434162e-03
3.455439790482553854e-05
3.654932894606135649e-04
4.982361403320191735e-03
1.905145829003827189e-04
1.649894484931226524e-03
6.909816929500585707e-04
7.465352802966569723e-04
3.686442885722822837e-04
4.004415081988801917e-04
3.112454466325097636e-04
1.478145099624283152e-04
9.128179827076169858e-03
2.344445368796998705e-02
1.565838309886442034e-04
3.132933801047625977e-01
2.116277616480695400e-02
2.955990286448403111e-03
2.955466228480866948e-03
4.159224397669033873e-04
2.999537344357570273e-02
1.538891733333486514e-03
1.808517983784905039e-03
3.407580593072585731e-04
3.372980190653220300e-01
9.281985704231396697e-03
6.644777786379956960e-03
9.606528661939629007e-04
9.670252442609268725e-06
7.461035102268717342e-03
8.677395158769889887e-04
1.779295343622118789e-04
1.531223726939829905e-03
5.976679612744915205e-05
5.134882627746174821e-02
1.320219765770304886e-03
1.509788731906242520e-01
1.289848518860316554e-02
4.297665181887659613e-02
9.786049148240091866e-04
5.065435794262293165e-03
3.025397526829441408e-01
1.131564904277848399e-03
4.806031241042867629e-03
3.465295844258417524e-01
7.509931200122578303e-03
9.588331219685689792e-05
2.498470153597834309e-02
4.476326490140221902e-03
8.232742708754575353e-03
1.914172674862684234e-02
1.041344122290537022e-02
1.244081543205589684e-04
4.633876745498556431e-04
2.295701040680767774e-02
2.320635467021371079e-01
1.608492439751140271e-02
1.468653643971661038e-03
4.414570583506525689e-03
8.524232632147209004e-04
4.316120012939939380e-04
5.456655668365652939e-02
6.424747947001216986e-01
1.431195969153193476e-04
1.645022522932292953e-04
6.891577874548804111e-04
2.850250095672100803e-03
1.502345072276589644e-03
2.392657641727612909e-04
7.245312577945361987e-03
7.877065920656514675e-02
4.938315248550517178e-01
2.238659513224519517e-04
2.885366908469704991e-02
1.428141024992446656e-04
4.469993007828898350e-03
9.555503541913066418e-03
1.119058743524434935e-02
1.407907064433716257e-02
1.718262313767403293e-01
2.343203958986749740e-04
1.485970971501098838e-03
7.807645724342869749e-03
1.765461487950944763e-01
1.515087341884986118e-04
5.226324334627849809e-03
1.439209581676177388e-05
7.880388355734664488e-04
1.470337319204006489e-03
1.654490372011200054e-03
7.480735435689516008e-04
4.547404804982731891e-02
1.366943559140200775e-05
2.126236943845128541e-02
3.277170341450516881e-04
9.282557934276436037e-03
2.986535937889759577e-04
2.036648734773302549e-02
3.089923362512753471e-02
1.350136507177753520e-01
4.241150239627594848e-04
1.995554984324708347e-01
1.122488748980614848e-01
1.906597692160403035e-01
2.995776107460876476e-03
1.394528058905603884e-01
6.985880258859494037e-04
1.704464495151225001e-01
5.016861708238822687e-03
1.157334811677422854e-03
3.902708460998254279e-06
1.265793583424521885e-03
9.308091835504923167e-03
2.083040037934890884e-03
6.035628048840279564e-02
1.607622406953411118e-02
4.736653414266761043e-03
9.136253780762038567e-04
2.358066332801050588e-02
1.182467483866439170e-02
4.350122210953713542e-02
2.838185673864815003e-02
7.984168441377321665e-03
5.044813058238478698e-02
9.719880740046174484e-04
3.730189909072922265e-04
2.023736757507899552e-04
1.830777310716703507e-02
9.807444300448465990e-02
1.819345802737454276e-02
4.027568061647104208e-02
3.869180638451814175e-02
1.613137157623083424e-04
1.341623727854641046e-03
4.861295401220244380e-03
1.956543621085425899e-01
9.430499978775251993e-03
1.347564767665397067e-01
2.448300900347439440e-03
5.339891405582671002e-03
4.960804049215368841e-03
2.199812527987321520e-02
8.136498138752092102e-03
9.756390519058249708e-03
6.138873649361350354e-02
2.846682961365565399e-04
1.180289906475322920e-02
1.485502529200606820e-03
6.177204343689304334e-05
1.951773724412020567e-04
9.169458271146087476e-04
1.581577319109259876e-04
4.157470355569867736e-03
2.108161831771537126e-02
1.558664692597290470e-03
1.083795411257693422e-02
9.128184339856224233e-04
6.796576170052157605e-03
1.134534788600325425e-03
4.521337612126242328e-02
7.357216942237772587e-04
9.862389184498192574e-01
7.017752828806507297e-04
1.543016575222149779e-04
4.688331805372386845e-04
3.908916222388111525e-03
6.172681590495635584e-01
1.214107183723129235e-03
1.878901560249994843e-02
1.731243893297991499e-02
3.906585112590164194e-02
1.283354832645452505e-02
2.646649807591799561e-02
1.782236682647709430e-02
1.286108007779174223e-02
6.035565522816198000e-03
2.861044478309490518e-04
9.362784233855990859e-03
3.017692769157168109e-02
1.291420729682994650e-02
4.250060489844957297e-04
8.117036817935260320e-04
2.039339193451632573e-03
1.448238189779784607e-05
1.755110354037724097e-03
3.047831835802998837e-02
3.588142966340781594e-03
5.436344421445412278e-04
1.825471515485041843e-02
6.052258464633190893e-02
3.841971704344283173e-02
3.781709387580483445e-02
6.301576523764300625e-05
1.551951492083434615e-02
1.262718529370943695e-03
1.518459885406759670e-02
2.159573713060564722e-03
8.952514628917903824e-03
9.994009971595381459e-02
1.287085351188904658e-03
1.487064910624501766e-03
1.820829610485434928e-03
1.528315047284193873e-01
1.046641694868985956e-04
3.494602925996945328e-04
2.475429893499925260e-02
2.927014678482647153e-04
4.845548535135394963e-01
6.700124147358595128e-02
2.458443193212699052e-02
1.063807142858092707e-03
1.361261401673687045e-03
8.226250524510007531e-03
4.659494834460391199e-02
6.104638184417479402e-05
3.671928087527124955e-03
3.148884905511729199e-03
3.561523909131761659e-03
1.949284335843234645e-03
1.187508821484872107e-02
5.679327597634030445e-02
7.782154446996990271e-02
2.397392580056445510e-02
4.501341204930905254e-02
3.114462686105671379e-05
2.539801604904714486e-04
6.829785949953719529e-03
2.910981770637231097e-02
1.402762539320656600e-03
1.263418371211781112e-02
6.080106937472527610e-04
4.094513941460888886e-04
2.317620120385576344e-03
3.776674681868630312e-02
1.747761326527512296e-03
7.222919491903112381e-03
4.741661605360845966e-03
3.707823217681672015e-03
4.620666673022019163e-05
1.153921713108314179e-01
5.773843286544581540e-04
8.862311165905783356e-03
6.962422872662485905e-03
2.016761103364692054e-02
2.585405371679954170e-02
8.798249630020776868e-02
8.926962437982745649e-03
3.172599799092252885e-04
2.315978127105798243e-02
1.161420563369287319e-02
9.087148979871681595e-04
3.779488221331136019e-05
2.543990383527812427e-02
6.349855680813829527e-03
6.367679582117560105e-03
5.143007756317903275e-04
1.268663197136455062e-04
1.548087257257091676e-01
2.787773260565970502e-04
3.031824168682030007e-05
7.601859731475343440e-05
4.514674815273330387e-03
2.933207794920281511e-02
3.261719280948597015e-03
2.701691302459237054e-01
3.882848069772717320e-02
4.246504292741821139e-03
1.056683895798803292e-03
1.207448588866555546e-02
7.971933264535192853e-03
4.934391463416204493e-02
7.671144643632527016e-03
4.908322814158244847e-03
1.819401981419020153e-01
2.395001905673108805e-02
5.328982956898149922e-05
8.997790082977296560e-04
3.639415077036772263e-04
4.642581076304353794e-04
3.035272870273605580e-02
6.626860926577003033e-06
4.321220253377707344e-04
6.576111047557434489e-03
1.290953852353546143e-02
5.771028804034433746e-01
1.274071643236232934e-04
7.414994636659080329e-04
2.344512006877650669e-04
1.481408741869934689e-05
1.364140459635498209e-02
2.368022263303289424e-02
1.717260034410577978e-04
7.752783800038713924e-01
1.933932688831487207e-04
1.253456256508167857e-04
8.019765277939506359e-03
2.310546671965472282e-02
1.865689247631234114e-03
2.667643562802143181e-02
5.460433480582088661e-02
6.833513438097073636e-03
2.496658179271865814e-04
6.387035815601564909e-04
3.899789382712372612e-04
2.970867698522952280e-02
3.753844891370993505e-04
4.165261855491779810e-03
5.975481842237041763e-03
1.040522778067933946e-01
6.207896265249557982e-02
5.924332413400647951e-03
3.032854905153267722e-02
5.733588823125219426e-03
4.243103772486684667e-03
3.958190895051366459e-04
1.768876949527297781e-04
5.088362305930509795e-04
9.404312269781887890e-02
2.358516715124106891e-02
1.036788042349678918e-02
6.633658855023416394e-03
1.079734740999938438e-03
3.708060552781416996e-02
2.986456482482780905e-03
1.639773899768666443e-03
7.583580502082247227e-04
5.007079827030270412e-05
5.853124357789503233e-03
4.193497358503129468e-05
9.722041399868176607e-04
2.653387070199892013e-03
3.567006967527241654e-03
1.215999046744938548e-02
7.688062226181720769e-04
1.966059039058952614e-04
1.462567479663775833e-03
8.549011143461989273e-03
1.495033727482241726e-01
1.743382328751588153e-03
2.086807269569276174e-03
1.102534812809336613e-04
7.488145975644928867e-04
6.713096194410508952e-05
1.276419313444203093e-03
4.322882646336067246e-03
9.406929271778568039e-03
4.883926006137709330e-02
1.394184722491407791e-01
3.760136793007284265e-04
6.984658054406759622e-04
1.831341903020161990e-02
9.093223739495177871e-03
2.233749543736388097e-03
1.992347343585837731e-04
5.824084906842588207e-04
7.971940101444785574e-04
1.417938939607180137e-03
1.394303312700132663e-03
1.311067356154031749e-02
2.299259309666527584e-01
8.046136812060823706e-02
1.753486773101439744e-02
5.490324504718173057e-03
1.737919651080204950e-02
6.629203132399609731e-06
3.008939773139384516e-02
5.309372422574761829e-01
3.059100457168776321e-01
2.282551032531367902e-02
1.235705026703309351e-04
6.939039260939630725e-04
4.657167326659230298e-03
6.315527540112533507e-04
1.142487445088271415e-04
2.324687030244130051e-02
5.475514237227205013e-04
2.144739813707497757e-03
4.509154997570339295e-03
7.505715575418798590e-04
4.885343844820875907e-03
1.570274982448001942e-04
1.399759376769054223e-02
5.064998873088205275e-03
9.595385929021826594e-04
1.000003376070022348e-01
4.553171099646490250e-01
1.793873403500223507e-02
1.468697943879734282e-03
6.029226528845162483e-03
8.973272557725799916e-05
8.742280672083341253e-02
6.339628770640657555e-04
2.431095490987494195e-02
1.356475519690213960e-01
2.394839281293426325e-01
1.175839239539221929e-03
1.999098160721444473e-01
1.879234206286860016e-03
2.257196374124509309e-04
4.541026930462026094e-03
1.134211902297521137e-04
9.413148828230306908e-02
1.814541197209143357e-05
1.000766522655667897e-04
1.291040545168608091e-04
2.222405716113220640e-04
7.608318551275124273e-04
1.448713382051267790e-02
6.319694977746912780e-03
2.133590516988078181e-02
5.903945138919847700e-03
2.984242475449498944e-01
1.090779139937294098e-02
1.480797053033228151e-04
2.369471245316473842e-04
4.883240956602030725e-02
7.601573675264882129e-05
4.338728789094147692e-03
5.787850593554581119e-04
2.910540465847538585e-04
2.789827520828938243e-02
2.485460988844146965e-04
3.584693607233408602e-02
4.948653168499062699e-02
4.010971517807005934e-03
5.190035235878799526e-04
2.032414302700478667e-02
3.747753359345618734e-02
4.801420785632594390e-03
2.906356739372981113e-02
6.180424791165263845e-03
4.851147868696562698e-04
1.396533980777749529e-03
3.253550947958970345e-04
1.136505049223328866e-02
1.385674347293092560e-05
3.875397870426955816e-03
9.036340424885254765e-05
7.866494860446352540e-04
3.967804321297113135e-01
1.248983032006868374e-02
2.623199697626370838e-03
1.716384787545828245e-04
1.415903144782757654e-03
8.631625205113440530e-03
1.138292314116345297e-03
3.410686177133381326e-03
9.365467234829439463e-03
1.396359991883091190e-04
1.363679617590178410e-02
2.878968974902448505e-02
9.553566835084962294e-01
5.241474885498450531e-01
8.903483247076601215e-01
8.353002725527075567e-01
8.670707319320296591e-01
6.052298935686516862e-02
3.099448603946125536e-01
3.483363060838894354e-01
9.565343056962883894e-01
3.885931995336794342e-02
6.553724278801656977e-01
5.978130187100044735e-01
4.465584638677456281e-02
9.651142572414467269e-01
8.467511192386786290e-01
2.745848156171932022e-02
8.246597465140879102e-01
6.705831711479179891e-01
7.586874952868046806e-01
6.246350040782050472e-01
3.262250214587118502e-01
9.872531305929567180e-01
8.927637756714646988e-01
9.096136252698519553e-02
7.861906395595410491e-01
6.603972637467032669e-01
4.868623530626891016e-01
6.446891226783484363e-01
8.842676083867527792e-01
4.171338038984970797e-01
2.085086382588184073e-01
7.987355205603594577e-01
1.195570738726875470e-01
9.250429393951323798e-01
9.924941109767779768e-01
1.562291534066905796e-01
9.306346229642070700e-01
1.382853083042644149e-01
7.604537179654141665e-01
2.423467110209009678e-01
5.525541291712657843e-01
4.223781918394153845e-02
3.271112237181936222e-01
7.969189528621239971e-01
9.103455303225264916e-02
5.517229859439208850e-01
6.494145940372244574e-01
6.118664583513135913e-01
9.673880583104103037e-01
9.771904973088411106e-01
7.636923039070229180e-01
3.476054214311352641e-01
1.848012397925301309e-01
9.219075338293433175e-01
4.190129373795321022e-01
7.598626968238783030e-01
2.453050664595660957e-01
2.005535276441739179e-01
9.871582798485263321e-01
5.075717298935582544e-01
8.761070806151317614e-01
8.511029075402575250e-01
9.557804247784302820e-01
1.379345299387534918e-01
2.683616434835014442e-01
2.243015273134023879e-01
3.053846700846580761e-02
1.951105030464548029e-01
5.833628349256138046e-01
3.605765690316745653e-01
1.255236536059688712e-01
3.471886437358197020e-01
6.514710638272837029e-01
1.205921552904437866e-01
1.338294485932412237e-01
9.620798659169628175e-01
4.976247512788334326e-01
9.217718994404218158e-01
6.009599822030911032e-01
9.935318096837606472e-01
2.788886247365663928e-01
7.774067929762841223e-01
6.747608828155567950e-01
7.521273468252639427e-01
3.907129183002827633e-01
5.631961063029583547e-01
1.204458834324161065e-01
5.438867423399087464e-01
3.249662095732468864e-02
5.582294808948975451e-01
2.916186562160232865e-01
4.784627815809153889e-02
9.084801203769157230e-01
2.792693631879210603e-01
3.322850727728923759e-01
6.144286486788755886e-01
4.315686604228171630e-01
5.333394843659386986e-01
9.292983100393816809e-01
6.645497007920408983e-01
