2.869238362527111730e-01
6.928847194280497446e-01
1.807458754631162678e-01
3.527618197449049198e-02
1.053965836775349052e-01
3.648559745914533442e-02
4.361498832758320746e-03
1.969112208316061569e-02
8.902243635184972984e-03
3.406090699461264970e-01
6.048763562717056341e-02
1.105128398218716869e-02
1.715785868988640717e-01
8.943158322100660529e-01
2.245431174521454049e-02
5.279429122597258280e-03
2.562632474664343629e-01
1.474821646500189287e-04
2.268951754654709770e-03
4.486771779946796546e-01
2.815552212400557119e-05
1.784806623807664305e-01
7.867523951772607523e-04
8.959036344729585238e-03
4.545549139093956695e-04
1.783221254375196574e-01
1.041492274175102525e-03
4.310341862560611303e-02
2.421702902057670803e-02
5.012147342699811992e-01
2.096040770584335459e-03
5.936578274771522890e-03
3.422305045483242658e-01
1.015929240182502735e-04
7.863671663507206889e-04
5.232756765895782208e-04
2.974171213801443323e-02
2.579407077141064319e-01
1.994491236364379430e-02
1.168643658822005743e-01
2.089941170958425215e-02
3.221130683423683422e-04
5.916910306444515648e-03
5.050973235756250207e-02
2.956601489547440453e-03
3.307677304408146012e-03
5.011915342177012400e-01
8.724322832680535267e-03
1.147751354242573666e-03
2.934039327561330790e-01
9.111383410748566947e-01
3.798265504350636923e-02
3.576243361463721151e-03
7.369260738909102493e-01
4.486046320468612958e-01
2.363533131669949810e-03
2.463769542769025586e-02
1.418147238018863804e-02
6.186388151950819245e-04
1.479397489123680798e-02
1.060190260531802727e-04
3.268457011281126427e-03
1.501453797534834170e-02
1.903039676237778255e-01
2.676616855765033207e-04
7.538185789286196981e-01
5.886819221833089607e-04
1.232504465174984404e-03
3.222583372461157447e-02
5.234091782684240947e-03
4.822728494318123844e-03
5.683366044028663466e-02
1.716737056007340122e-03
2.098595033856064662e-01
4.543644936267379753e-01
3.435291819763569132e-04
1.374874214124481922e-03
5.422729749374048972e-04
6.084196711043263379e-03
1.838669698858680090e-01
9.661341007079730092e-01
1.269694545613434811e-01
3.218119196415054981e-04
1.713233839607458415e-03
1.650619869775569310e-04
8.798420388455399296e-03
7.277508901922818962e-02
4.162674163286629006e-04
4.272992476948955787e-03
2.254159101378403005e-03
3.067930779671717567e-01
3.549577941367811906e-01
1.181124982344057203e-03
2.729795436739808085e-03
9.777095235947721452e-01
7.399639601253766852e-01
2.346072025407903311e-04
1.738273782541777460e-02
1.404869763871770738e-03
1.459708239410452968e-01
3.459678402134017377e-03
8.753310723751561717e-02
3.131040822326262019e-01
1.600132435744542128e-02
1.800143498449363264e-02
2.405589764747322837e-03
3.841837420390568133e-03
7.478969775277939094e-04
3.487536644428646665e-02
8.774422040385705668e-03
1.279774902699176431e-01
1.427585010660341954e-04
1.671953022025304651e-03
7.316716057955670663e-03
3.419603350717040921e-05
3.685949401422734893e-03
2.343479889328331789e-01
6.679728005206797610e-06
1.782677803115740797e-02
6.394562656853550742e-01
9.853186097011901981e-05
2.259181358282921423e-03
3.732765180859776676e-03
1.799363748026988619e-01
1.428842530046907089e-01
1.497326853813433500e-01
5.710875941891625091e-02
3.519206268159049134e-01
1.996714757244939190e-03
2.318909897611398652e-02
2.454710993138272714e-03
7.897719002532816931e-03
6.720518628983666032e-01
1.692988371924548582e-02
1.159379590298535018e-02
7.179675047078364070e-02
5.422681523254048322e-04
3.748739062851188381e-02
5.599628683091198536e-05
6.920469481510622013e-04
6.254820898727244012e-04
7.141735527022009811e-02
4.269695061932390900e-02
4.496475452229926027e-03
3.687233239396816653e-04
1.973490961543094603e-04
4.765795765463746829e-03
3.931517211615000520e-03
8.802885791412289095e-04
2.742115533335322958e-02
6.735910898051296336e-02
4.076683565980630228e-05
3.570702934551583073e-03
8.439661966656138647e-05
8.178957446361048156e-01
1.616435042201307681e-01
5.785764595130923373e-03
1.103629477280866976e-05
5.107714780083273329e-03
1.604231440191362110e-03
5.189093693256749962e-01
1.676396214175048492e-03
7.449618407229324183e-05
3.053493133877290683e-02
2.461251028463338261e-03
9.207211875412759650e-01
4.475240329765434698e-03
5.154600045453161701e-03
1.438274669063008168e-05
7.126390829024099177e-03
9.523711702802610188e-03
1.903369417672982553e-02
5.668524230006806164e-01
4.274919755048353989e-03
5.069624523983078390e-01
2.959822232456968405e-01
6.113178665877159190e-01
5.848365115704899642e-02
1.177464685934740407e-01
8.552937180471212666e-03
1.470176385294253915e-02
7.743061094379340148e-02
6.120234371805044482e-02
6.117393349052493122e-03
7.542827472738017347e-01
1.989232472745893279e-03
4.970934518400681743e-04
1.324683656521717379e-01
3.561445953702418576e-03
3.708752320991912793e-03
1.386578690166270886e-04
2.180817692043092448e-02
5.155016844207696049e-03
5.885200324801494664e-04
1.581580497582625588e-01
2.339654718812592604e-04
1.015877424923435513e-03
3.045700193543242618e-01
6.550144815651616215e-01
1.617578920819564559e-01
6.645778794131873557e-02
3.296357429970464548e-02
1.307565413595738850e-02
3.883179840805557614e-02
1.615073549704076558e-02
4.446581604760239115e-01
2.562270530438092719e-01
1.344109564311556926e-01
2.571764159665807653e-02
2.133919520295843655e-02
2.670133457418884769e-03
3.026328801337184072e-05
4.105942357028532358e-02
1.079881814332968315e-01
1.443476354948458884e-01
2.332711767391152519e-02
6.834317343537017753e-02
4.002305758233873530e-03
3.868451317581044976e-03
5.563355777172341865e-01
1.050283653627212370e-02
5.966488557190025716e-03
2.874295420782169846e-02
7.066453902012592107e-04
3.514993495203199148e-01
4.062476289330717583e-01
3.295911028539593723e-01
1.469891320928213424e-02
3.657814683138355463e-03
6.489766968708539710e-03
2.149064454523583745e-01
7.605867063298983599e-02
6.681281952986283489e-03
4.876248704675904128e-02
1.779964075459706530e-01
1.406542523000602757e-02
1.960350924504341424e-02
1.790773134292385771e-01
4.094909670843214361e-02
1.900655955933736420e-04
3.757224379939010789e-02
3.758304025597692527e-02
8.759673621472601618e-03
1.607884655890278250e-02
8.463043344447336580e-02
9.886463527436674115e-01
2.873098491505410856e-01
2.481290078731220594e-01
5.078948022488136149e-02
8.185309336731824703e-02
6.234645407821591545e-02
6.370187563071976200e-01
6.284761815854018711e-04
4.490269638687218639e-04
7.781807518580909078e-03
7.121633652358659583e-02
1.167460876858704699e-01
1.330540042664417159e-02
1.751483866958633649e-03
9.734955782019183470e-06
1.159196747507598713e-02
1.306268032409250157e-01
1.675255607127122020e-04
2.618837604687266341e-01
8.324740868143262751e-02
1.027869092568307711e-02
3.900304478999398793e-04
6.107284628856897157e-01
7.708627081354219035e-02
1.336623313227381510e-02
5.271984875728056436e-02
8.934573413611703388e-03
2.784986257179042964e-03
5.224168557200264962e-02
7.825794866193246102e-03
2.363771133565202923e-02
6.621437084032048837e-02
6.531853228455662963e-01
3.708660697458925632e-06
9.298572019889327078e-02
6.546191075803158288e-01
1.336998882535133659e-01
1.004045854496047885e-01
7.174683029736024509e-02
6.710064513891837723e-02
2.897761024555844337e-03
7.370384029944100357e-01
1.790266243930317691e-01
1.738153586819217999e-01
8.809547249180336992e-03
2.814627340505095683e-04
6.658772526669660659e-04
1.221067096084830911e-01
2.817545985257968039e-02
1.534341131001966396e-01
1.094163344285164932e-04
3.408977067744265455e-01
1.257405433555506559e-04
9.277117419764798964e-03
8.639283133396066100e-03
1.058490940408365472e-01
4.537305643996567550e-01
3.021919471414886375e-03
2.373757631831861434e-02
3.439814474336498704e-03
1.007843064897164079e-04
5.658588634122616728e-02
9.158934086872842772e-03
1.308709582579547538e-02
1.024719652917404494e-03
1.857567425486571500e-01
4.166873419266040588e-04
4.577936870605332775e-02
1.663443408014211589e-01
4.198169845810749613e-05
4.077496254848030598e-03
2.057286284045477809e-01
4.700923555071326657e-03
2.403656637732496491e-05
1.948421756797675186e-03
4.798402508583745479e-02
1.900181932369601799e-03
6.192481205677793366e-01
2.282308946107100903e-03
2.310174026710599265e-02
1.264206451091761003e-02
1.908557504373667099e-02
1.306377298246896043e-04
1.562687492624258850e-02
1.623620103443283169e-01
9.673261674818302638e-03
1.349337433086156930e-03
1.180602462808768433e-01
2.055774207034002314e-04
1.876259477356997385e-01
5.027687737843803406e-01
5.589302924556095514e-04
3.015443591899720483e-05
6.294628105435066123e-01
6.678759199955269787e-01
3.246184627608333570e-05
4.607295606622651492e-04
9.698668052359027403e-02
3.283622675314059811e-03
4.905759032512370665e-01
1.707146187299801443e-01
3.425192103657517251e-01
4.649818375843052243e-01
6.751233937083757075e-01
8.308324385080627372e-02
4.402441527177803791e-04
5.068907646646249043e-01
7.221733961650522325e-05
1.780050523381559655e-02
9.460394763449706534e-01
3.183898270864773949e-02
9.420356156003683035e-01
9.559413735192687223e-02
1.050536833668496428e-01
6.687161083281222216e-06
1.943870405111277174e-05
2.605551697135320977e-01
9.969339467586817438e-01
6.016338608122837606e-01
1.356659599989802059e-03
6.969732449848130718e-04
9.512414397774708640e-04
1.640846341995615965e-01
5.714637494709128296e-01
1.509589050197559850e-03
1.928577062707006462e-01
4.442720636025501019e-02
6.960466052254870029e-01
1.186350191186531006e-05
3.485328725064543772e-03
2.366938036804215075e-04
1.539768230105774405e-01
3.399575520789194227e-02
9.867746268942250570e-03
5.973649254265023245e-01
2.164495066979999494e-01
1.057103259636640522e-03
1.643269682217785022e-01
1.211174367444442339e-02
2.545559317844781066e-01
9.980914473597461978e-01
1.010260701444568032e-02
4.923117625590716024e-04
7.679301243261982268e-01
9.713528884783958484e-01
1.818660653024300154e-03
4.014923884198593027e-04
1.054150250906337044e-01
6.531817705021389885e-03
3.158294653726651663e-03
2.691202002636489121e-01
2.159989308514772416e-02
3.431719906795747260e-02
3.182256796006650845e-02
6.378191632391895516e-02
3.143463526433823985e-01
2.651204366070656904e-01
1.695497007809616200e-04
2.843003028078370988e-03
1.365509588001608877e-04
9.891250503411103123e-02
1.488970061348197094e-01
2.877134421188015656e-02
1.358879363915675154e-01
1.360242427245491881e-01
5.372180072111107721e-03
6.180332762540375474e-02
5.880923722340418713e-01
3.972310820716984554e-03
6.202658264439237651e-03
1.178076257930693177e-01
4.509751406248832528e-01
5.744361151931379715e-03
1.431027551272998251e-02
5.601643926950466805e-03
5.427751414479755482e-02
1.396056983198093590e-03
7.079433627917239465e-03
2.232728922859629982e-04
2.639442175176258138e-03
2.552430714443939836e-03
2.967694977253797217e-02
6.902345074210425833e-03
5.911828243442355732e-03
9.372990103795493244e-01
9.711707702859584401e-01
4.326553541242279810e-02
1.087487292084322371e-05
2.213261114522439149e-02
2.442021786686502521e-02
1.853664294702867671e-03
1.427267838192553678e-02
7.087820851257069510e-01
1.814790617108789786e-03
2.731949854975416758e-01
7.064953485087637278e-03
1.518421708859334640e-01
4.426445959758837281e-04
3.919855712067511766e-02
1.770479807277700567e-03
1.201394714324975112e-02
2.600994003872336615e-03
2.162197121568894525e-03
5.592331630046708680e-04
7.609295012261481361e-02
8.075635650788394460e-02
3.116489473710614133e-01
3.327542583870444354e-02
8.674684722433229772e-03
4.446101702775367460e-03
1.530821321254526857e-01
9.374887063058924275e-01
6.552556001691296761e-02
3.730317688004424620e-02
2.121035234191103857e-03
8.712459425641262342e-03
3.932045630348551812e-02
1.588323974447976641e-02
2.230216237721347524e-03
6.189628277138420473e-04
2.492583198005066808e-02
3.703414201196491358e-04
3.603195501176136017e-02
7.956265730356940069e-02
1.087089959639021743e-03
9.731467233087219559e-02
9.707179600427347232e-02
4.375954478284489529e-04
5.145322823710985621e-04
8.416595434081667118e-03
2.239835188936389054e-01
2.073530274192476874e-02
6.426558005288868225e-02
7.263067779340458274e-03
8.142134139887174851e-04
4.694865063057178725e-03
2.958066859243052658e-03
9.558043560189614755e-04
1.407558152151448631e-02
7.808564497433361229e-01
2.154992035776384998e-02
6.608433638067572231e-03
5.038393527533336913e-01
2.725709331389979465e-03
1.211978903430556008e-04
8.308330970028579010e-01
1.712473019714093325e-01
1.040256073241434542e-01
2.093646413228880399e-01
1.108362576029876681e-04
8.779561050197412161e-03
5.956186164120704472e-03
1.311441759406848512e-02
8.402154637923067160e-01
7.253207876676694252e-05
9.616571399509415974e-03
8.664613429728726390e-02
2.016399482259055922e-02
2.290532091354517650e-05
8.642140765385258189e-03
8.435995772999690034e-04
6.620233016552197480e-02
1.621125671012253050e-02
2.128892319851967141e-01
1.184142704046381167e-01
5.261588485141192040e-01
9.493046730425047652e-01
2.702232934398736495e-03
8.000861858511494340e-01
1.956000786278685663e-02
7.334804583788279327e-03
1.169961062342687397e-03
3.236938734260230818e-04
3.393581446089491416e-01
1.324419417998700668e-04
1.221821025199118782e-01
1.127223604492848807e-01
2.026140036073348361e-02
2.903182352947023537e-01
5.102633372688957225e-01
1.044994339250357018e-03
1.780001842933856548e-01
2.132504370901151932e-04
1.483384886936720011e-05
2.151112242995814605e-03
8.294208912542564913e-03
1.295937382854579420e-02
1.438176802580929878e-03
3.594309188639445152e-01
2.442705531584774773e-03
9.739852326764915080e-01
1.404415117266017430e-03
7.708013141367337645e-03
1.015786687628994185e-03
5.926977949803040845e-03
5.117500147817582263e-04
4.119851262960562699e-01
4.252586565448481914e-04
5.474679147039771508e-03
8.521981469785349095e-01
8.446721603000252945e-04
5.197585485638147110e-03
1.456653675988703323e-01
1.114587454451382298e-01
1.191873056942449605e-02
3.085213814131205790e-05
3.466442748551671195e-04
2.947426814646600737e-02
2.764394350535517375e-04
6.339020651259343227e-03
2.029592777802140605e-03
1.690213943745186471e-03
2.045483521030128180e-03
2.359770054187803733e-03
1.123423722478090504e-03
3.874467993391569887e-04
8.565268687953758731e-02
2.637830111793215138e-01
2.759049892451730210e-04
8.405333929281063599e-01
1.224129958809052482e-01
2.266196344994609452e-02
9.352678520663163311e-03
1.010147346197292273e-03
3.952199282031116367e-01
1.671515389644753075e-02
6.352305994743150629e-03
8.867196045271670459e-04
8.106586760419696169e-01
1.210418288402974746e-01
4.034440232195870418e-02
3.229755513141053039e-03
1.111898391444404565e-05
2.798008254431946437e-02
3.091438439384903633e-03
1.328472532392175947e-03
2.789783016243581239e-03
1.066061188827709935e-04
2.416164854875856582e-01
3.081295227352111917e-03
6.512982406080594089e-01
1.333607150177085199e-01
2.392830081145859988e-01
2.559814258349489904e-03
3.072679323234402127e-02
8.276208477648613338e-01
4.042913370189376958e-03
1.841829091264300319e-02
8.770499884184014272e-01
2.774174753392659454e-02
2.306251047631088953e-04
1.865268648369529936e-01
1.688422733197997988e-02
4.434361065227844512e-02
1.167099227404603395e-01
3.166019306532460303e-02
3.032443274080616393e-04
1.265723914466293553e-03
1.650189627517919810e-01
6.450822652816524672e-01
6.472502855573007696e-02
6.111277753001374824e-03
3.512647007702544150e-02
5.263676551282919606e-03
1.900716963118398396e-03
2.369378176066139763e-01
9.676872104154458087e-01
5.124830911669241542e-04
1.344234108763140074e-04
3.070696823156789188e-03
8.589470460696177478e-03
6.462961909567629254e-03
3.078459797020554885e-04
5.165844855200669994e-02
4.292708524104090206e-01
9.604238465718238915e-01
1.010633863223968799e-03
1.515460243798544826e-01
2.218206788052103789e-04
2.479905639591598390e-02
4.738302188443867247e-02
1.267804405062107620e-01
8.712629301083224531e-02
6.216619832846902449e-01
1.282342293781404702e-03
7.086295221585551390e-03
1.527019271408341927e-02
4.102716263087023973e-01
1.989055041294197489e-04
9.341244107611520672e-03
1.368432222009588935e-05
2.121381047952371982e-03
3.380211822796928400e-03
3.286225950773350064e-03
1.838441139299580888e-03
3.514318091658851229e-01
1.254024347346128341e-05
5.756993646018604416e-02
5.362606639268302803e-04
3.590500891503100450e-02
9.341963593849064761e-04
2.253759906483151221e-01
2.550251097750175777e-01
5.411357515485707426e-01
1.088394653811353054e-03
8.324148562867029755e-01
5.195769158424742296e-01
5.449769505108115197e-01
5.328544171650372030e-03
7.012454882855234661e-01
2.490034338190378824e-03
6.881215182082792703e-01
3.109674651383732488e-02
3.459008660680949147e-03
2.629494195036567465e-06
4.658743916414213523e-03
3.984093420224223137e-02
6.133840171821385891e-03
3.928307795631215682e-01
1.240637962051571036e-01
1.573172574447530628e-02
1.330772635446294790e-03
8.863105893560209447e-02
8.137789851129713370e-02
2.525293309899537819e-01
2.133108893378268256e-01
1.868875897767568739e-01
4.246888991836659244e-01
1.352653671045811034e-03
1.049296059246555054e-03
5.000552963709275914e-04
6.903939572149397907e-02
6.597358930446539649e-01
1.192799582518214163e-01
3.151570770204569216e-01
1.359533881945997336e-01
4.282469827475145706e-04
5.062613366870965560e-03
1.987307270087015909e-02
6.798852495644154281e-01
1.874930133377009089e-02
5.753577643907485939e-01
1.156670898198423544e-02
4.052790472512632358e-02
1.084080754865453071e-02
3.068861433637009029e-01
4.725708583747607189e-02
9.785442701232018037e-02
3.210382619295391593e-01
2.120700747097388830e-03
6.160032927344694792e-02
5.268038431309854212e-03
9.675923881206447016e-05
3.745763908524206323e-04
1.631314946101243384e-03
5.555926617618230090e-04
3.719795273552053277e-02
8.555293615886951086e-02
2.258479040132546894e-03
5.568425848247381821e-02
3.000342125855287589e-03
6.450931238538637480e-02
4.420677518867783401e-03
1.356169198405491605e-01
3.871757044359388968e-03
9.996590918345649168e-01
2.160287298442647649e-03
3.934241200467567348e-04
1.397299841414356659e-03
7.146567832137522454e-03
9.823190694902086406e-01
1.080778929594549027e-03
2.781136784116079452e-01
1.005221525073346084e-01
3.916229017310247640e-01
1.559997271254634776e-01
1.812168111013896799e-01
1.998581925798988412e-01
9.617979659810320381e-02
2.322129695464626026e-02
3.933371275130922995e-03
2.622145646667692342e-02
1.479733711928699624e-01
1.341649441601187320e-01
1.295831229439915961e-03
6.358546300486892823e-03
1.153453296079957890e-02
1.739789121590570005e-05
6.277391248579541720e-03
2.239203916834888175e-01
9.902399305963318146e-03
3.591797004701199805e-03
1.010856011804513038e-01
2.635040995023872901e-01
8.960272043106773387e-02
1.870129470875308841e-01
2.331374497107900515e-04
1.252640130176515265e-01
3.961293120397423213e-03
4.967458228798723313e-02
1.223211726248411152e-02
6.167126535572774876e-02
7.855780709440631782e-01
2.400402516505580324e-03
9.001370214864475028e-03
2.977725271456750384e-03
5.737520221663575670e-01
3.157084314035333325e-04
1.769908410686687941e-03
1.650510268303742867e-01
9.073316736312892492e-04
9.352829676111069634e-01
4.070623368509139750e-01
1.867345014777705425e-01
1.072275305715832128e-02
7.297085120682456245e-03
3.452789514148300876e-02
4.158023479561970270e-01
6.683746382721148568e-05
1.942430561681183360e-02
4.536338420175314856e-02
7.706306284477788815e-02
6.356568757099364912e-03
1.430283599997187946e-02
3.814552024401442476e-01
5.006292550694002585e-01
1.943680806891197321e-01
2.693215953295777232e-01
7.738995129242628892e-05
3.441513065866434479e-04
2.389376121241735054e-02
3.363475993778087814e-01
3.720576771171240325e-03
9.213711936663186719e-02
1.423921700147759732e-03
1.393516850759920654e-03
1.477631583447538977e-02
2.402301450980889042e-01
3.482263787259536839e-03
3.773791207249967833e-02
1.376411833169511462e-02
1.419455632582569161e-02
8.534966792860244043e-05
4.917051860698889998e-01
9.767842117528930702e-04
2.849853865293935917e-02
2.584632447209646300e-02
1.806387842590916892e-01
1.157363552823161973e-01
2.286600071975037063e-01
5.765946638289076720e-02
9.162113312437034736e-04
1.804943694768554319e-01
3.980388997741646923e-02
4.714079184862770416e-03
8.950049741809886427e-05
2.245859362016482952e-01
5.873886275216071151e-02
1.307986493182308231e-02
1.279780085478123821e-03
2.034042736581824788e-04
6.833695147793394931e-01
6.255397848952554954e-04
1.826811789256812320e-04
4.415172683552256631e-05
2.544818400855387852e-02
2.478799437209311118e-01
4.297420551858317436e-03
7.941546836879826987e-01
1.918754508920772761e-01
3.271281620067396922e-02
3.468630644483264389e-03
8.659314396042692985e-02
4.913042324042917602e-02
1.780890585699185236e-01
4.352704781085998953e-02
1.883362922627986741e-02
6.956542145590944859e-01
1.558544229927201485e-01
1.418053114021118621e-04
1.227856377799512854e-03
1.818316993519841643e-03
6.346370826864705878e-04
7.803930050489138459e-02
5.402550062056260842e-06
1.671392003293343522e-03
7.045584523380730990e-02
7.150369613065808705e-02
9.655597280837275864e-01
3.625230654335122988e-04
3.121740926693463303e-03
1.243830303644051331e-03
2.715076043046306018e-05
4.407821953409703924e-02
9.592527337725556547e-02
3.548564444694802828e-04
9.867602892852640473e-01
8.072206934364907233e-04
4.980373702323987774e-04
1.613068900789357482e-02
9.953055079374038827e-02
8.880518877117089468e-03
3.512610526729704752e-01
2.956961040903195448e-01
3.221506372719263461e-02
1.391975341129676746e-03
1.324837457930180904e-03
8.075797082196766981e-04
2.613363991800687902e-01
1.106192880529780799e-03
2.157536234627977639e-02
3.861413654849150251e-02
6.923757887079411422e-01
4.213814593034087563e-01
1.221136796512318524e-02
1.913714859075953678e-01
2.608778364922643977e-02
9.116599649971411298e-03
8.323532445856501047e-04
6.713889837306107273e-04
2.061424799936681200e-03
4.955547348583553280e-01
9.806388622973541414e-02
7.402833886743417913e-02
4.110515236293276614e-02
4.632315411028383768e-03
3.710769542866671489e-01
3.821494105745964001e-03
1.312709352067786654e-02
2.295502098569444319e-03
1.199647917865316902e-04
2.119210732721716478e-02
1.806456638308977654e-05
1.160998485445499662e-03
2.756081421689674307e-02
2.875693059346840288e-02
5.331615079769061460e-02
9.792857249848866720e-04
3.070217014964737976e-04
7.902577619767080577e-03
2.914891562883918305e-02
7.133791384317799134e-01
8.379332754596119717e-03
1.479159174539891597e-02
2.243564924457483142e-04
4.203691317013539402e-03
1.292174455796357897e-04
1.924941172122326049e-03
4.512661986957924171e-02
3.699458134930887210e-02
2.634209541067523697e-01
5.376845683684050581e-01
1.280665208449909085e-03
2.669033708833954983e-03
1.475503212878290782e-01
6.074878010509805054e-02
7.000386031536828639e-03
4.168920211264700183e-04
5.241959478527703168e-04
5.010452340267240040e-03
1.260333485271804450e-02
1.350062569013860299e-02
7.249653117285848047e-02
8.068835499527023947e-01
5.057327990930965411e-01
5.031953698954033660e-02
2.269272173338452575e-02
7.226615861423096865e-02
3.861930025855079122e-06
4.043951722586789921e-01
9.528870916843107386e-01
9.127753219616581148e-01
1.513681455247579410e-01
2.013457234175310021e-04
6.848139022057772758e-03
2.545529509353884959e-02
5.180117421486825184e-03
4.122586807827910709e-04
1.657476660940055413e-01
1.935479403067064683e-03
4.970278371341413197e-03
2.036586823877457528e-02
4.639060553380428692e-03
2.838425165630489161e-02
6.580323862918027083e-04
1.380947347414640536e-01
1.016710277457221097e-02
5.424031985130185057e-03
6.103771936556945388e-01
9.011464252283000187e-01
6.620388604283490575e-02
4.455481169958248715e-03
6.723373040948386892e-02
5.886234086461341757e-05
6.213908517559144640e-01
1.285315651307769201e-03
1.454815995161679032e-01
5.209896905688132795e-01
8.415382967315467866e-01
3.288440735454078393e-03
6.292580421108736610e-01
8.495008282060931976e-03
5.041788307392701092e-04
2.442875705503668934e-02
4.353813691271657209e-04
2.478165691195556575e-01
1.989551236962150429e-05
1.994539547952130156e-04
1.685845341336439417e-04
3.881932933834855303e-04
1.883710552639547000e-03
1.021792772291908041e-01
3.954599002165712363e-02
2.178041685226791147e-01
1.772079081752383004e-02
9.173360463747255444e-01
7.581087543122230765e-02
8.939398175879116051e-04
7.212848860649157630e-04
2.470833648353680245e-01
1.086855915485718797e-04
6.367038789681421160e-03
1.682287338833139689e-03
4.272364657244098296e-04
2.196840618640971687e-01
3.164630429856280327e-04
3.235432522692223700e-01
1.571576861811031234e-01
5.866787960151394199e-03
9.258781966472813454e-04
1.424707218869145364e-01
2.796438253302604982e-01
1.927213269115430824e-02
5.417212692230010534e-02
1.407921631408582362e-02
2.128163675672094853e-03
4.643405397910173316e-03
6.133016925036178331e-04
3.858112608051265241e-02
1.177016408765940863e-05
1.439909324344745313e-02
1.875276904365308871e-04
5.697380960717183911e-03
9.350990379555467191e-01
3.600799161779873192e-02
8.135459028463220763e-03
3.620615645511177159e-04
5.909451932772076185e-03
5.416819198740328856e-02
1.841701724804465420e-03
1.910853129012559520e-02
1.217333299480664460e-01
1.793529023707421746e-04
5.937512942086011630e-02
3.071799951334051593e-01
9.968395581702458319e-01
9.304080059304824513e-01
9.901744832838419441e-01
9.870293365663245222e-01
9.904951425375816410e-01
4.723487974279744206e-01
8.342263221536084794e-01
9.004737332251985249e-01
9.970124272247613550e-01
2.989979120276577973e-01
9.629122085669524767e-01
9.614825256891516014e-01
3.628402471011402119e-01
9.973047057193421550e-01
9.813122369617679475e-01
2.646731267427106515e-01
9.863159832886994050e-01
9.551952242977949092e-01
9.701345762466215827e-01
9.590548187605174579e-01
8.595613392071542735e-01
9.993487192727040780e-01
9.909794460725368515e-01
5.678828671900401082e-01
9.838111887657535748e-01
9.682094752572814045e-01
9.197758855685203017e-01
9.582633604861025001e-01
9.892639773347227106e-01
9.076509458755371851e-01
7.973351171137798010e-01
9.845155988644844758e-01
5.866751485814341027e-01
9.948690404289887157e-01
9.995991394673444663e-01
6.624173412507309289e-01
9.950416169732352323e-01
6.646262704979257752e-01
9.720280593804064839e-01
7.538460658429669836e-01
9.347762904054367494e-01
2.994197011310358314e-01
8.479928653808990191e-01
9.763863615551010566e-01
4.859931977285351090e-01
9.474150731345203358e-01
9.493537757170109614e-01
9.513489752896603369e-01
9.978432101108689611e-01
9.984529265047753510e-01
9.757430855217212873e-01
8.565546820514445825e-01
7.105109453535028985e-01
9.930460518408721349e-01
8.791071745286251904e-01
9.713664509952708581e-01
8.176010161534897902e-01
7.790375437814590631e-01
9.990520476884429124e-01
9.256026107014746485e-01
9.910123391396452597e-01
9.890303491146742454e-01
9.969552070698661783e-01
6.334068744868192047e-01
8.277700374556759000e-01
7.731017473914333360e-01
2.583820914531383406e-01
7.267805342746903596e-01
9.521073153587029658e-01
8.753268867428352085e-01
6.132871672067048419e-01
8.680952757435478340e-01
9.537590845285940366e-01
6.291573648092054771e-01
5.962575163160793723e-01
9.975977634193899934e-01
9.201522345687392912e-01
9.943757702531108578e-01
9.471117237220137985e-01
9.995617430696585037e-01
7.863692864397493487e-01
9.797380780556212976e-01
9.607438595439098394e-01
9.797190067571874827e-01
8.810783651992898369e-01
9.447598374805599164e-01
6.017689137279562672e-01
9.328466571537511465e-01
2.644472744709689405e-01
9.452352606553939829e-01
7.765968321597224167e-01
3.362349504802949474e-01
9.928071092717318802e-01
7.975316353711148221e-01
8.741231593704732461e-01
9.460332400454518620e-01
9.020218636310218807e-01
9.480798652107430557e-01
9.940821223332007017e-01
9.574903740119276030e-01
